Neural Network Architecture: Layer 1:
Input Dimension: 7
Output Dimension: 32
Activation Function: relu

Layer 2:
Input Dimension: 32
Output Dimension: 16
Activation Function: relu

Layer 3:
Input Dimension: 16
Output Dimension: 2
Activation Function: sigmoid



Best Fitness: 1067633.3333333333
Parameters: [-1.0, -0.7430614600654751, 0.830703907370721, 0.10865900825285735, 1.0, -0.03928879880539402, -0.5385548568755053, 0.026232634298495483, -0.7073524555329218, -0.7536892077358265, -0.5652705967134857, -0.7872454336555429, 0.25682669103823164, -0.09882727171770438, 0.589823811946705, 0.7550589182013042, -1.0, -0.3848043839157479, -0.2899706730493836, -0.48537410030871564, 0.27365446667573456, -1.0, 0.5342330848175629, -0.6816995062419404, -0.4133705105626362, 1.0, -0.6686922840507561, 0.5265924581625532, -0.3546637210216018, -0.4465754228272804, 0.4620327593286607, -0.431783554405148, 0.07423479851644638, 0.04866936267509865, 0.4495551499693753, 0.47103414044441405, 0.7068834567435796, 0.13664862309427656, -1.0, -1.0, -0.4606447451194603, 0.8177378156053716, 0.24887489488793027, 0.5858138160453632, -0.2928861837150821, -0.16957642547596394, -0.33212850671797806, 0.873411002948307, -0.35149189451406854, 0.2456371024004413, 0.851544200649308, -0.8540411502408469, -1.0, -0.36781122597474475, 0.9864626964165343, -0.8736324605402326, -0.4968221122555758, 0.19164035733079332, 0.14685527097300546, -0.32858412383344604, -0.6206443140856948, 0.3073421046578003, -0.27971572335733713, -1.0, 0.7817596605274412, 1.0, 0.39638857727073007, 0.46886365501556837, -0.5590807644499792, -0.5548798677256195, -0.2635002677714002, 0.3246580335451943, -0.9701455637657037, 1.0, 0.5856359168093281, 0.7912521104952771, -0.23111784300516663, 0.4766678064968931, -0.3681545747962278, 0.39710025155775597, -0.8045771069901193, -0.3600470255799259, 0.988923186011365, -0.8713248167517653, 0.24084965788979137, 0.276562603667364, 0.3946867488107897, 1.0, 0.9752252381414991, -0.4335614790505211, -0.5174299125087293, -0.5385569257935867, 0.20575472396689157, -0.3768625699333157, -0.21222729327161988, 0.17118309653519076, 0.005515680478023151, 0.8783093533459775, -0.05272008185990798, 0.5522021748191239, -0.005341367410892996, 0.6915285164192058, -0.9288820660085912, 0.502734059253031, 0.9209861302174098, 0.5328661127651437, 0.5798339809625512, -1.0, -0.6803102922487971, -0.963839950706017, -0.986708355953866, -0.592232429822032, 0.09095362104799, 0.46706411488582905, -0.9997099616483113, 0.07132289355736983, 0.2999844184552872, -0.6708634724619238, -0.9341499636500241, 0.3682988259129093, 0.4529984670419424, -0.7924623198837708, 0.9726299394574353, -0.44283641107582783, 0.9925833220679023, 1.0, -0.47487165040835655, 0.4798225136393506, -0.47835442050173255, 0.3923748382375075, 1.0, -0.3820453924228985, 0.22263542669899528, -1.0, 0.03280960936900357, 1.0, 0.7719028015032691, -0.9981339086371455, -0.46289364484844875, -0.3160150872621086, 0.8350951697228801, -0.7730149261839783, -0.2985049162360624, -0.03751870372206906, -0.7639157677932201, -1.0, -0.1343640011488605, 0.8762792113843239, -0.15820256085979417, -0.651281837959651, -0.5579812030638558, -0.5864921088974027, 0.8359939223715067, -0.3642750664626928, 0.11759938903441808, -0.6809141956677833, -0.07045280462026984, 0.6824282572468982, 0.9941827226527936, -0.18261780521576584, 0.2295795391090058, 0.24279321857198582, -0.2296247093861155, 1.0, 0.8389163646508149, -1.0, -0.4476053545962919, 0.8630670874181372, -0.617609717175269, 0.5024049602931104, 0.26740715146070304, 0.6525486524143702, -0.5798805329111166, 0.127719434181311, -0.25265854443431246, -0.8386506542630556, 0.9725625314570202, -0.5086153034334411, 1.0, 0.3299889302041755, -0.49419852495989247, -0.3720771112159872, -0.8095946341893364, 0.9904795406421562, 0.4954324679698751, -0.12494594783962655, -0.6495566292172841, 0.06978855274929333, 1.0, -0.44438826968311024, -1.0, -0.6133113154973163, 0.9834185769072495, 0.7925532624792812, 0.6903019041272669, 0.19268946446232382, -0.29972841112117304, 0.6354381794715337, -0.9523176978076546, 0.5892711769606566, -0.9839129934971435, -0.06024637173771849, 0.2659852957370442, -1.0, 1.0, -0.32095270839317847, 0.851036277385937, -0.7627150558537878, -0.19040709163856673, -0.707685071287903, 1.0, -0.05532919842454631, 0.9490894360267049, 0.7754587029598503, -0.5872998556524984, 0.12621446036590936, 0.4224886806017293, 0.03659888908304512, -0.7880003798409595, 0.5841807158959198, -0.16270787032832137, -0.9386649871233561, 1.0, 0.8743520486762428, -0.29595685532885163, 0.27968596831433185, -0.5512456218860549, -0.8009113775416234, 0.8140405626297152, 0.6846152620602283, 0.1834694103445906, 0.3452669396257453, 1.0, -0.20345045358046096, 0.9224487385948125, -0.6315602558113067, -0.6080868168769326, 0.6470675109430871, 0.24252856179665316, 0.7278373431621004, -1.0, -0.7143381840319074, 0.08335023120907427, -0.34433435823118125, -0.41634276730103137, -0.15183647549599155, -0.08234164763213478, -0.025516015501855657, 0.0502155768897246, 0.3736001977394044, 0.9321553226462568, 0.42186597475733767, 0.5887829029843697, -0.3824808626442441, -0.5918236563026205, 0.8646933138449839, -0.9329711018523931, -0.22002812659271076, -0.39295625496326414, 0.16047399912930788, 0.32301376873563786, -0.7022132633242338, -0.6761076140631564, 0.04694800024917792, -0.9690834680797873, 0.11232027158934475, -0.6315311726673303, -0.7120089464410132, 0.9263955731152886, 0.08297134471111994, -0.023904337882579715, -0.7818418555053397, 0.01918130427019432, -0.8322367457307556, -0.25852362695204595, 0.5103490589694658, 0.3246119641554147, -0.3803413891234401, 0.7778306801372499, -1.0, -0.19437184735548493, 0.8760159550729286, -0.8295966095431614, 0.03960537335809636, -0.8172675174562393, 0.5888929417775294, 0.36931762649557, -0.5154719287083407, -0.6780188269963967, -0.9514737956278905, -0.2862961701148794, 0.008693876572182457, 0.08594303868921163, 0.3530243338349356, 0.251988274750106, 0.31687058895143244, -0.4152513158435928, 0.2786458792045864, 0.5298414395494022, -0.5112276658168995, 0.6151754468827831, -0.4066677059548403, -0.0015446905063634178, 0.39595278777605486, -1.0, -0.1945301884174452, 0.01192247199102971, -0.33991958689034113, 1.0, -0.45580298712407286, -0.8505188797329599, -0.2889596301408056, 0.6007180325023056, -0.9696631156184015, 0.11493837823195083, -0.2896588242500297, -0.5081312120589752, -0.8949155636565493, 0.8465840929183527, -0.8529772387311404, -0.2422566005272947, -0.6038696230337863, -0.5310730913187998, 0.39956292237870983, -0.3789967382028191, -0.7578752431894125, -0.4435097333226636, -0.07342225357541934, -0.40354491002098175, 0.8268755469870515, 1.0, 0.5245554502790365, 0.8451981574849631, -0.28296499996253965, 0.8861752799990464, -0.6829006978287894, 0.846133854534852, 0.5688156959064647, -0.8366471133357702, -0.019203781517891986, 0.8144574996749396, 0.6068111237260706, -0.1780016388516495, -0.9870966773806619, 0.15719170256068582, 0.49131174054876536, -0.0673473937461387, 0.4795327755131603, 0.9187500359833395, 0.9981258260213941, -0.48236485094799525, -0.882692271760412, 0.8657006973084077, -0.0939864265151322, -0.22975342670442384, 0.5454520444744325, -0.5086652878620599, -0.08226558433056504, -0.46858845618304484, 0.6703096364176485, 0.3741627860291489, 0.20178756616272314, 0.3160074795594638, -0.5770217210127472, -0.11203372630772188, -0.53199379597316, -0.7013639413513761, 0.5663438721953978, -1.0, 0.29393410196138403, 0.9646087431843893, -0.7742069007124787, 0.9194137550575509, -0.5454467159707013, -0.4519796583252923, -0.434724325852142, 0.5257642044666719, 0.3003921667927413, -0.5611222185801026, -0.6624337982119207, 0.9012883378433896, 0.34741461973861015, -0.6759703902320725, 0.848012108207972, 0.8477147437081741, -0.3427951300552099, -1.0, -0.8507654376299447, 0.2980401380835379, 0.45823558083111726, -1.0, -0.8099143157759517, 0.03348862542744359, 0.16585158606021402, -0.8157853413123821, 0.6525198439403149, 1.0, 0.5909286501811615, -0.14564230617998286, 0.05853775006560812, -0.04397258885371583, 0.6347313656785925, 0.6775416017356308, -0.9041942591452377, -0.881028797697166, 0.429826917436247, -0.029196406915116158, 0.24876108837637406, -0.2993519285446875, -0.8649396459934995, -0.7011781406591235, -0.20944665442150132, -1.0, 0.7360011096704415, 0.32039575466579623, 0.47967534286941615, 0.15308760187228443, 0.5360361258694502, -1.0, -0.018485989174380463, 0.17459671725466477, -0.5773273839052434, 0.883080347743467, -1.0, -0.9962256108261787, -0.6330432087216573, 0.8012360170525415, -0.07187081695278652, -0.6826319079704739, -0.965191971187265, -0.4581182608687992, -0.02987561795717035, -0.6755176030793832, 1.0, 0.0968101534955955, 0.3375923362787766, 0.18138494346354145, -0.35920816568260583, -0.8636753465773417, -1.0, 0.6073323701129713, 0.18145411775143241, 0.0769694391085898, -0.9634200904346627, 0.10848246266098671, 0.10632641984027934, -0.04355478438369695, 0.7073556109570286, 0.5429450652295331, -0.8261527212909197, 0.30047529525512634, 1.0, -0.23512808535663887, -0.6966663972640158, 0.3082193843439447, -0.5774636206481858, 0.22266071900697418, -0.791869890546209, -0.7711454060479581, 0.5328643247737901, -0.2723350528336804, 0.3742482422009472, -0.6878744845469746, -0.8829617246436507, 0.39744699833352554, -0.6481850863201102, -0.9074402765309312, 0.7807586158988269, 0.9278738246475721, 0.9149896131713572, 0.3486966101529464, 0.8235291941908224, 0.4444737284936156, 0.1052338131729453, -1.0, 0.7345755197777828, 0.3155401156781848, -0.6552222694724321, -0.3377387579271112, 0.357259358050554, -1.0, -0.5009941896847943, 0.2157487724463442, 0.21644853217629278, 0.11367068032336888, -0.6429245708538498, 0.7852225633802997, 1.0, 0.18375470551855166, -0.19340885270805594, 0.19601651087200145, 0.30871922142351876, 0.13339269810480373, 0.303246983432129, -0.9295460097211956, 0.5261486464823414, 0.17915770932890696, -0.6454882206012089, -0.9839357125214881, 0.26078142219846434, 0.8507444545018994, 0.24075308569550422, -0.4324818685000704, -1.0, 0.5477321630395395, -0.1651483204899806, 0.2568087435849551, -0.8768408922723991, -0.09271381015580031, 0.8734763287710444, -0.9825276046449284, -0.600220143740867, -0.26590227603459254, -0.3062935766257943, -0.696011499308349, 0.12263542197469723, -0.5805865142127045, -0.12742474920829086, 0.9446948075732422, -0.49451150525319704, -0.7856570507032069, 0.10812568472006838, 0.4625140909876864, 0.10089298746156293, -0.8155879335959477, -0.1344537098773985, 0.7685093079865389, -0.35418336703979075, 0.030389411429455657, 0.030620000903900144, -0.830312822323781, 0.08183253089320486, 0.5143513594782565, -0.6593453136276071, -0.3396293167901418, 0.6732320824989644, 0.6606023639628491, 0.3679422684530289, 0.20607927680508592, 0.16816832153898445, 0.37677662870445255, 0.44981598314409804, -0.8981788759680067, 0.5752303041609123, 1.0, 0.8942160682493897, -0.6969383017622257, -0.0352395670422363, 0.03199954042156661, -0.6843139723492795, 0.6155348658338762, -0.7671178844984626, 0.7735314332764144, 0.2962613563314109, -0.8791942257249531, 0.3809173842172552, 1.0, -0.044547216871127185, 0.6340416501570023, 0.8688024130223367, -0.11231291360745702, 0.9832927202293937, 0.5645740790263069, -0.3926127801440944, 0.18762575936687192, 0.034717434371332116, 0.7231151731674619, -0.5810186912933355, -0.9378519141174156, 0.6305554623167372, -0.6433117617140127, -0.040426971156867164, 0.23817939367852492, -0.9798352530472423, -0.48078917696971424, -0.6414727141923451, 0.8311880812448692, 0.3019598344226888, 0.35659760768953636, 0.057299962748422084, -0.21442014531416473, -0.9004134117254882, -0.9054872905989636, -0.4474990105125499, -0.2828033275740193, -0.6027597184871464, 0.2606241156810289, -0.9466134449978552, -0.5049015323104105, -0.301126962651701, 0.6278316232797075, -0.418577552294939, -1.0, 0.89719625475106, -0.9332790815455624, 0.16641700630973313, 0.4859135366892192, 0.6843247328221316, -0.27915378750379805, 0.6525700334820803, 0.10522675244217031, 0.2850974194467595, -0.46333837018864915, 0.5602926591872812, -0.8365695620557452, -0.08232303162728168, 0.711962783802125, 0.1373799564133432, -0.6220102339511615, 0.3924408905775343, -0.11552824168505993, -0.06506481551368302, -0.7508331986823484, 0.030782262295388885, -0.5143713664328663, -0.666379652820459, -0.20540053604842518, -0.7764790130051474, 0.7260279462360733, -0.7145774473502245, 0.11515871634427982, 0.5744861978981928, -0.6419653022147647, -0.7399447173275117, -0.5453473845279477, 0.7105297595720879, 0.42022594088992415, 0.4063223162247469, -0.21783384961294433, -0.9906716804436004, 0.5172050662683468, 0.5263943699350789, -0.022511753646651096, -0.37047842819081694, -0.4868224752125811, 0.5152709836536011, -0.2494838078117903, 0.4795647783447565, 0.4707248151289771, -0.3399243388237965, 0.5896306979659408, -0.31485375838379537, -0.9111089563687009, -0.8213427626023452, 0.7243462185538796, -0.41398501989073866, -0.6475610567544411, 0.21313174249262182, -0.4486709264216021, -0.9818458282874304, 0.15159866385334558, 0.7491705188598348, -0.9817749010796641, -0.17388148414003776, -0.43423471596821056, 0.4687331285580112, 0.6274949117781519, -0.40721942931412547, -0.7605521405328396, 0.9026466399844143, -1.0, -0.4373627910321778, -0.406038074896131, -0.7901896547031546, -0.052444063409397224, -0.20398146414228593, 0.8960858132275668, -0.3608006681083493, 0.4360187701839552, 0.4567533242401111, 0.820748930637323, -0.09919851467591878, 0.1901567680899717, -0.4871435826321862, -0.5351575576123292, -0.4181233523754883, -0.08347366701474357, -0.39627434838338654, -0.36248234842801885, -0.630178965650362, 1.0, 0.627800974456623, -0.14656283286707456, -0.10390021502662027, -0.5737566705445332, 0.22847711276042287, 0.25445898259332017, -0.8047869118002544, -0.00725633850789581, 0.7689251827896826, -0.388944809532302, -0.9635139447557033, -0.6623818653067292, -0.34204804286232826, -0.9139920313893589, 0.18485328455075953, 0.2975875451291414, 0.5422351623365, 0.786671593534539, -0.07573987091010148, 0.18783395696842436, -0.7420646765036797, -1.0, 0.2237653077963283, 1.0, -0.5497819276162423, -0.035061101870384914, 0.834099037791828, -0.3545744874278503, -0.9857814812299586, 0.8057673125311418, -0.46799186673178206, 0.3819684371686695, 0.9486434473155718, -0.45540331598325434, -0.8072028259580406, -0.9017485536424332, 0.6405523383747704, -0.26256209077734094, -0.7289148282112389, -0.36281499994051375, -1.0, -0.7476905737028885, -0.049430473598687005, 0.1690261201872772, -0.21657102015883606, 0.5780796250990778, 0.4434115558649525, -0.48142869038576397, -0.4589020677564162, -1.0, 1.0, -0.19229467429941138, 0.6774966921859338, 0.15109811068223, -0.37591434979063604, -0.45331795662838303, -0.5166188428234108, 0.7889186215349593, -0.05904437988174044, -0.05025030101745881, 0.06604671259009981, 0.5081828318237706, 0.5063535235067653, -0.9736958641809523, 0.2447358052089784, 0.3757106061314249, 0.01754476178529161, 0.6907061053150707, -0.9409279755611077, -0.2957878216513272, 0.26230369816478205, -0.7909619592196289, -0.4739234687695937, 0.8330454542249567, -0.5099817599899532, 1.0, -0.43015860578456094, 0.09288773207190712, 0.6734800403964981, 0.9491563791396962, 0.7784054789809864, -0.5413259268880094, -0.03243303847454813, -0.7118437005522583, -0.7834674429406081, -0.8057817805878835, 0.6683570789900419, -0.6617497385072346, -1.0, 0.873023734826293, 0.17794660061755407, 0.1310982183611939, 0.4279875263982835, -0.99172378220631, -0.2196505378440427, -0.8772704900745038, 0.4304825188092354, 0.35395855437447793, 0.7478244300051557, 0.8874616786140985, -0.6165958238399919, -0.8591303255039697, 0.35240472164918346, -0.8712697038407418, -0.8671709782242705, -0.5671327401244952, 0.4763481934775562, -0.6457571731886835, -0.30530766419546873, -0.7351270162071433, -0.6998813296588596, -0.6365414403492188, 0.9313850505304994, 0.364934880323164, 0.11464616250705548, 0.13964970241626776, 0.18041768427915258, -0.11010098423110865, 0.2978074816631969, -0.33334397241618124, 0.8719200432024081, -0.210329859275338, 0.041116138601892, 0.42929048451066737, -0.13179765871244836, -0.1938321697411473, 0.7820862289835901, 0.9223463381694139, -0.8947571581233486, -0.41634318830360073, -0.6787967154645487, 0.9810106586606758, 0.518295097448391, 0.9397417163646093, -0.8326347769015628, -1.0, 0.33227110208111676]

