Neural Network Architecture: Layer 1:
Input Dimension: 7
Output Dimension: 128
Activation Function: relu

Layer 2:
Input Dimension: 128
Output Dimension: 2
Activation Function: linear



Best Fitness: 6077300.0
Parameters: [-0.45410497132431127, -0.670775644191558, 0.023542979936386738, 0.3399334872347051, 0.4264103866823741, 0.13368797387431708, 0.24478430856618222, -0.5838719204831869, -0.40648082400111724, 0.43660504967238156, 0.9807941510887582, -0.27669524430939585, 0.602336540024077, -0.5856069086706082, -0.420887254855715, -0.7935072070954305, -0.03458074345360332, -0.5670167154125317, -0.47073573305580946, -0.17739301507209393, 0.7291512587807092, -0.8279325512798502, -0.38379427951274925, 0.21249093281840392, 0.9358096334273556, -0.3465375499060689, -0.5750170330388207, -0.19460328584734293, -0.4263028962692064, 0.30698013173975314, 1.0, -1.0, 0.5561986500684476, 0.4934399526297702, 0.06026272742278918, -0.773712403520462, -0.8528075142775937, 0.8203036694790619, 0.593733679555371, -0.8222225520763669, -0.3043707901272627, 0.2616265972334582, -0.011705142668961416, -1.0, -0.3276088778745464, 0.08688696339313923, -0.7097307350369865, -0.8327964717532023, 0.13092079700699097, 0.21164997687546916, 0.31550266610598937, -1.0, -0.41743105932574426, 0.05797108841893629, 0.9821569735697457, -0.06140888557123329, 0.47203084723036026, -0.25702354967293756, 0.4945406812799248, -0.6690542746505508, -0.2778728899477612, -1.0, -0.06014920308785868, 0.7135120454109491, -0.1577721205269145, 0.36739389469355943, -0.798893011332019, -0.7701894439914916, 0.6588830248601909, -0.6890465170369252, 0.013850584231860905, -0.16718068154754337, -1.0, 0.17317458920170373, -0.7983223907006516, -0.5549143924095434, 0.39002426542596946, 0.6097308730513757, 0.832911095557283, 0.22357185915283484, -0.8643941961728688, 0.9366484624692922, 0.7782752684897759, -0.4276809902376873, 0.19900889065937083, -0.47420450721623286, -0.25445241714830574, 0.1144182749437153, 0.19551480588156517, -0.43838338353291006, 0.7317847012637461, -0.443042022365363, 0.3859925332700126, -0.3831885541413923, 0.3897512667602169, 0.33287117018031803, 0.3797013271136819, -0.4823944513932131, -0.5256654524422442, 0.506432609365211, -0.7855857293151773, 0.6990613501838866, -0.5954455673659453, -0.7494231131322404, 0.8758560643561712, -0.7435471430466127, -0.16711342626794376, -0.44939867369715547, 0.8068373891195986, 0.12715596184849082, 0.19211631145334815, 0.35458344918179696, -0.13586547651614395, 0.6131493780058539, -0.5073329782859387, -0.6519069768189708, 0.9210086717017281, -0.6227133527220087, 0.6712369533078459, 0.9068346580559794, 0.7271575209908582, -0.058415201603425004, 0.42818359851048515, 0.22357652640300651, -0.6575053878607807, 0.4588489385247017, 1.0, -0.1601763249787018, 0.378832727864065, 0.12297496018176504, -0.22201030410387212, 0.37114116301628963, 1.0, 0.07632725121875117, -0.9055331141765508, 0.7914346577242074, 0.5624519070409212, -0.9842230207575923, 0.5130842996347679, -0.5521596166430451, -0.8307550654475676, 0.3445596228140183, 0.13651592454150263, 0.04043005767889926, -0.6737484057320727, 0.25776674882288597, 0.874326732363803, 0.09516676059882727, 0.9098398821613701, 0.32654666140245536, -0.6933790151717584, -0.6315603571412798, -0.44541937290001504, 0.5480324185929853, -0.9908100525080213, 0.5414416870964118, -0.7568876469264687, 0.5573745780481384, 0.5169139029951111, 3.2425048233963166E-4, 0.8763542856592481, -1.0, -0.2961913303930587, -0.6719176681346307, -0.4049337514233934, -0.0423233579717395, -1.0, -1.0, -0.13642792101356377, 0.9197746623768308, -0.7272098990165956, -0.6617974014404792, 0.42479400008756274, 0.20931126150071155, -0.7959710429061344, 0.7662378288762383, -0.004051552316067034, -0.2353660695682943, 0.4873364255060036, -0.7268031468762145, 0.1144209027577844, 0.7114552717324011, -0.7858672422146694, 0.33036231983844894, -0.6087746977169857, 0.7165773740124135, -0.38830544810634915, 0.6598711945062281, -0.38371068362826066, -0.4840973894011826, -0.6362974374335523, 0.2722453085733562, -0.20115462031267956, 0.9661799124928514, 2.075767669529327E-6, -0.09521190663675977, -0.24074699718416814, 0.2776528355464945, -0.9057719095502008, 0.9361476713195589, -0.03747091333873313, -0.40594085779265743, 0.16906523453265965, -0.6426188466674333, -0.35650730000958153, 0.6931833183232107, 1.0, 0.284796798971672, 0.5022934726608934, 0.06944772799877622, -0.3761740707971026, -1.0, -0.6418584341062941, 1.0, 0.5857238133521067, -0.021145859267864706, -0.9960379102107842, -1.0, 0.7287122229531031, 0.02906983529807547, -0.7814186903830402, -0.08649632870673192, 1.0, -0.46716316818835135, -0.9217681954966463, 0.09945743504563079, 0.31432182786054913, 0.22198445915706172, 0.7369858567360246, 0.08876220484373414, 0.008067774404978155, -0.5902706370705112, -0.448050464328034, 0.17812221616160775, 0.03060861187763958, 0.03073986933839655, 0.4696145260284552, 0.4426624772963786, 0.8868713978222454, 0.7051807783620937, 0.6245001891272987, 0.2565817424386324, -0.34800472461858606, -0.032423393027586005, -0.3954736894278017, -0.9845868290690459, -0.8012437345113775, -0.803102743891837, -0.11368900957258722, 0.7257164895696728, -0.024193689790775626, -0.7851328167745442, 0.23635112357049998, -0.26591698330176905, -0.02544310066311299, 0.7065034937271548, -1.0, 0.12739603972102514, -0.1418133380891992, -0.05140634679883997, -0.17283326085491313, -0.5230984787704467, -0.10567111995257795, -0.6210732534620282, -0.07634012986965921, -0.1444930499208597, 0.4992359375572208, -0.046289095052447216, 0.1119387560519062, -0.19007552070673894, -0.46586344098300947, -0.29586218089354266, -0.582642516091457, -0.6404081401249448, 0.42596473175038035, 0.0864510501417416, 0.7745637665466907, -0.45017724321852515, 0.6707485038864451, 0.24741394832403008, 0.6149020526515907, 0.11696765916398676, -0.214713868005345, -0.6374986030911296, -0.09150518873032919, 1.0, -0.5774407930972169, 0.6529034363771615, 0.6205061955809237, -0.22640260286067168, -0.10531597732853748, 0.11943961158109401, 0.9818173265229437, 0.8179942863688324, 0.46189224825884545, 0.8129354646530749, 0.02059459609318487, 0.825108305807817, -0.8120049121586788, 1.0, -0.5794787308537531, -0.2471656938343758, -0.4658406300813546, 0.3404307648008239, -0.6475378685181069, 0.8451549231284566, -0.3477726703071232, -0.11984662550384631, -0.38450933950478633, -1.0, 1.0, 0.19923349787394448, -0.33624872585427, 0.5455808535198937, 1.0, -0.18470483412312955, -1.0, 0.1120599464441675, -0.23277715331736845, 0.037141558334814195, 0.6467917293296883, -0.013113617151275205, -0.3767415899208985, -0.2669221576028921, -0.6671210879254894, -0.35187863947967096, 0.5358615497681478, -0.1798715350355506, 0.9470531472983964, 0.3516756918058988, -0.6478479106286033, 0.2594109076470035, -0.38173440102855627, -0.8478462631761127, -0.3027863832831793, -0.010919070753413015, -0.04275295072555914, -0.27651324188068194, -0.2562766083655495, 1.0, 0.707776791995947, 0.5535146981900159, 0.6471682343593356, -0.6083802088667163, 0.8036221248280022, -0.859052828681158, -0.6633604044579778, 0.7394710001562348, 0.7676724573368547, 0.81546610789265, -0.1542582116094583, -0.7109835743130518, 0.19050602447003007, -0.5102159341910547, 0.43852479132633826, 0.20215272500481274, 0.007467662803956707, -0.9874673385398153, -0.06149367728866498, 0.6648303896596339, -0.7743129681034412, 0.20539952214382784, -0.5181503367397603, -0.19284046270123575, -0.9140389797251424, -0.22706408921192528, 0.8149775025981124, 0.20669320192031262, -0.6779277448771323, -0.8423146142496649, -1.0, -0.8622106761856412, -0.6093582600922216, 0.8747686249908944, -0.10025580988736046, -0.2562333648748694, 0.21349208594745894, 0.6173763148321592, -0.2359206668362066, -1.0, 0.3031667994930776, -0.8599842039044328, 0.5080123778028114, -0.7042989461496664, 0.3467250670199388, -0.7330005363394753, -1.0, -0.4496698512695598, 0.4166496112072209, 0.8774710602680657, 1.0, 0.25874627135920486, -0.574244079968774, 0.5145212673127448, -0.7195835979084692, -0.03236827006793219, 0.4220268740204947, 0.02681429855676909, 0.23533998136154766, 0.7512590177979002, 0.8626446279773479, 0.9600247990610001, -0.6260361261204658, -0.5640712308399891, 0.8430198627847552, 0.24891826280425583, -0.6498054284153292, -0.4356646703028848, 0.6934486962084352, 1.0, -0.24891453587706283, 0.7217385101148367, -0.4625044982638095, -0.9562828391493992, -1.0, 0.5678183649900181, 0.7904031951606671, 0.44957319730697987, 0.6082201309220207, 0.7875018678823373, -0.5100120747947787, -0.4640822031993408, 0.31474452960669347, 0.568085928888957, 0.7505513390281104, 0.7800578452325293, 0.14841964929862592, -0.388797808279786, -0.41548911161850327, 0.25252255528192613, 0.25572950281567836, -0.0764943354517357, 0.39324506854634866, 0.11075521354587364, -0.6585637220216912, 0.34428550067650143, 1.0, -0.5527834678040933, -0.5286976045804569, -0.7989425039393864, 0.43445298543087635, -1.0, 0.7569026491670391, 0.9366096526223018, -0.5190781805092036, 0.7921136031349953, -0.41992408248429, -0.05265771352005505, -0.12083346605686876, 0.2670445927016808, 1.0, 0.7253575271991817, 0.796732959185236, 0.11246149452783624, 0.14079941790664588, 0.9243730606220882, 0.05094732549190367, -0.18918729392609354, -0.6438994245234284, -0.671523440140422, -0.30659514517116004, 0.8525482781866165, -1.0, -0.46551413162279043, 0.29904395619445095, -0.6175482407760569, 0.7861777276287243, -0.6664448176450674, -0.5226485392682455, -0.4642406732755552, -0.29489604386913554, 0.25724764123960214, 0.11890822691249267, 0.1058599318693601, -0.6657679322564495, 1.0, -0.438026377343341, -0.46829671203553574, 1.0, -0.19390377892604657, -0.4624546028522172, 0.7797138864619668, 0.525346627783494, 0.44038313996558176, 0.968288720326713, -0.6584598784372094, 0.39370417786937056, -1.0, -0.47133175315446557, 0.08475162109444856, 0.8090616318757042, 1.0, -0.6541975891572246, 0.927050439288347, -1.0, -0.5820043720662431, 0.7351910009333888, -0.9136674353985162, 0.7785812789063413, -0.039313749100006665, -0.6813944498504974, -0.3954450640880116, -0.9806989366387683, 0.22684011029397336, -0.9621301706104388, 0.209576584636552, -0.47770102527181024, 0.9346037321882718, -0.4265867952073441, 0.02407367135316779, -0.0020125741083494852, -0.5160041486821976, -0.9857662111279604, -0.023846488000373808, 0.9295853587908794, -0.4894709164244832, -0.5439644197146475, 0.5374844870502209, 1.0, 0.9935378296069284, 0.7662199181196012, 0.7043267069271006, -0.43277177287583524, -0.46920030664587226, 0.9886593470122357, 0.9132332752961284, 1.0, 0.9837105774392727, -0.2002154743852101, -0.7224518975430967, 0.6011645036882767, 0.47602641777711324, -0.35100532037859905, -0.0039853110265304775, 0.6619184144365643, 0.15949933888082463, 0.7254311169746884, -0.5980740476725818, -0.23775766973052376, -0.809218583310046, 0.7399168679082173, -1.0, -0.023548617015153622, -0.41127952647415733, -1.0, 0.6158141390165692, 0.8281194218338072, -0.63779111463345, -0.8631544129666748, 0.7570543132840233, -0.9003793728617986, 0.9749321185202888, -1.0, -0.9060878534315301, -1.0, 0.18456429534620922, -0.24679897690719266, -0.3474227755577548, 0.18486848323248362, 0.6672128241098044, -0.2784512984021501, -0.1379885242290305, 1.0, 0.1353900257238803, 0.34340000918168034, -0.2957815894496899, 0.977490742287893, -0.30365462977287916, 0.527519341287851, 0.6162367293367135, 0.20662579780369067, 0.2916374198639146, -0.1660011886159533, -0.8680789439856555, -1.0, -0.20430621148017586, -0.7916893306361928, -0.5247012807775264, 0.6604301328782649, 0.016393340554802644, -1.0, 0.25460705484152546, -0.08520879694536526, 0.23593321233481102, 0.24582392404533135, 0.42713139746457085, -0.39713219597889654, -0.7823705578876606, 0.48242391064659995, -0.5083554225038937, 0.23228801320291662, 0.5765934514692813, 0.15659161459359366, 0.5896838627686278, 0.7658919111220353, 0.4782999257124144, 0.48147062666134877, -0.4162861121784582, 0.2240579983741841, -0.37071214170165484, 1.0, 1.0, -0.3258592804029535, -0.058977462931863955, 0.6168361448952165, 0.1541463500392234, -0.9018133188831184, -0.47073728145459565, -0.4364372056952751, 0.13255080420800622, -0.1700922901250438, 0.2777631842574147, 0.827228921341505, -0.858908463411037, 0.251883263733315, -0.5078745153110439, -0.39729822489196925, 0.23607853591221073, -0.798683922420368, 0.40675562306267976, 0.4486967003391882, -0.7535762495142161, 0.0584715375698503, 0.2365741298325621, 0.1818901432617781, 0.3833472977692744, -0.4538922126701717, 0.4570768513553497, 0.3565611925443496, 0.11256738425068083, 0.23655254088877015, -0.5054393602565221, -0.06423778277889708, -0.5591072262653908, 0.8791586730166352, -0.32641350366041794, -0.9262368494465105, -0.9503791517352896, 0.588392756981565, -0.46367330985291094, 0.5990672047141467, 0.9692342366452801, -0.8882870826416183, 0.9929481162526649, -0.808840993904949, 1.0, -0.5657028404220547, 1.0, 0.5157381424740599, 0.7109866342684683, -0.30936996575632825, -0.07107076443145344, -0.25364607055381966, 0.8094552923529177, 0.3546264653061822, 0.26252431985322655, 0.25676779462046023, -0.2871724253466488, -0.16757113866523685, 0.14124403353455595, 0.3508310055910537, -0.5279005885013455, 0.06180515593594055, -0.5329991861263537, -0.23847083304934227, 0.866951621798485, 0.18988781607496028, 0.6027475520177065, 0.40010961252332944, -0.16045514348941042, 0.24378958589084712, -0.22187214279768402, -0.5010841544458572, -0.14415195705442346, 0.4616191220426008, -0.9673066989382325, 0.34952139252870523, -0.2638833281186838, -0.37656221392136147, -0.352922903443669, 0.25995334919870133, 0.6221708445694374, -0.5685975618824584, -0.17351590391270227, -0.23374782844018466, -1.0, 1.0, -0.5777525457381971, 0.8568939292141083, 0.30298216748831824, 0.4762380557261865, -0.3976758595138859, -0.34626263905642163, -0.8092700348428442, 0.42514811483622594, 1.0, -0.07266037774212258, -0.30252782069620027, 0.41829759671792155, -0.8493397844925623, -0.4742656580715514, -0.9663521555878148, 0.9715977700473093, -0.06922161916442475, 0.021801679988668943, -0.08062668971561693, 0.4686315179947108, 0.5090935194231949, -0.2752297868446831, 1.0, 0.7328490771005787, -0.8153345742906991, 0.7092700049973053, -0.9186993394737186, -0.3620199950659604, -0.2852268251142125, 0.7327927702888142, -0.15463536335041295, -0.6379630489960701, 0.4770434620047696, -0.38652719002543834, 0.6430261183642814, 1.0, 0.8449451275024107, 0.39411052152097925, -0.8733912028133392, 0.37595028506587935, -0.13146470896803036, 0.11149563491748066, -0.9442744641648121, 0.5891493822870779, 0.0596242038733408, -0.2659110272463984, 0.8834054255465185, 0.02833339953340585, 0.4014604823059048, 0.9005299215029255, 0.6491077283101823, 1.0, 0.5229104721574342, 1.0, -0.6148798524448624, 0.23731025196055222, -4.965912326160213E-4, 0.41609642708464123, -0.30035470491246186, -0.6835734841331654, 0.7875777095009412, 0.7364474086546888, -0.45056467975874614, -0.6145513567478832, 0.5828739083889141, -0.9262899903874002, -1.0, -0.8882109512839058, -0.5646113357546603, 0.20087408386607175, 0.31469297974806215, 0.0010453331862633204, -0.9864901737002175, 0.5102827711981325, -0.5463155324801717, 0.47933639910917303, -0.18337969201367318, -0.5764513356991045, -0.16588337257748523, -0.7692626071986683, -0.49557738364618475, -0.7125572041978221, -0.41218980599603827, 0.6216439174531772, -0.07084770105625178, 0.8626122674923896, -0.3668732199979524, -0.635475465367467, 0.07986971104030556, -0.02664721440861213, -0.03101577781673126, -0.5548247241084381, -0.6609245702478445, 0.21313775136668023, 0.0398036366076594, 0.7281297869643603, -0.9194426313149947, -0.24529090462629974, -0.5648607895888322, -0.867574618757483, -0.08728897225222546, -0.4786481307528714, 0.4039898854092212, 0.1729603506263283, -0.6400824519406462, -0.5734645429367528, 0.5667049965911223, -0.21501112736156158, -0.11099789847156835, 0.5732406543687614, -0.22569700963252182, -0.40501629255450367, -0.7247941952372436, -1.0, -0.25855771428932034, 1.0, 0.3713414662223809, -0.7593744022338438, -0.4887426972997239, -0.590402002022584, 0.3554704962095604, 0.4184803797937912, 1.0, -0.8496676145959831, -0.3230642396394553, -0.5264970652528274, 0.33881367277832963, -0.6239238300738202, 0.5301514426698212, -0.1634716135377929, 0.5916185621687694, -0.3946599688339361, 0.4909260116435913, -0.09937184522546645, -0.16181528329273684, -0.44957578290980676, -0.2601903463840344, 0.6004648903086478, -0.819649894945817, 0.3564507772674226, 0.1745156187600504, -0.5077325283738441, -0.5562585449920425, -0.2617817135831353, -0.3048877554883406, 0.8432369686117662, -0.4691754168658778, -0.9231657453228161, -0.6385998234238524, -0.18097633386773876, 0.6184141513999677, -0.9326084979808318, -0.6224222602058848, 0.24550760384198855, 0.2923234859094463, 0.9601047114906447, 0.674280750080123, 0.36610346264676374, 0.56534746709923, 0.4894788675521259, -0.11313596231975875, 0.43898245655114065, 0.6687531163160694, -0.6298350189524743, -0.44333508439702773, -0.14164916679472989, -0.8084526224018986, -0.6307347928510152, 0.07059078288946886, -0.2657367025541029, 0.042584736735399205, 0.7403689383513108, 0.7188589637955758, -0.5175066425030568, 0.3410263696081385, 0.9226606335668365, 0.2958508149352297, -0.3680805584098543, -0.303098470176547, 0.43978422868034817, 0.29889509501887584, 0.6259768724218898, -0.1387212990950852, -0.9061307883403918, 0.5288339655155985, -0.17171581363595861, 0.1303288296247178, 1.0, 0.40218467050801887, -0.17002973588742043, -0.7492326604362505, 0.6042831071587547, -0.6989976487743353, -1.0, -0.43741291551746975, -1.0, -0.37509538161198236, -0.42310312451865895, 0.6119181608730374, -0.7740417774442927, -0.7995023917029169, 0.1829570889808697, 0.3370684539770126, 1.0, 0.6947826327017989, -0.8503337652592223, 0.11853234994787665, 0.024873314309631737, 0.2878476094263398, -0.7166163527365654, 0.3527368314530301, 0.5926439462150025, -0.4166046260278538, 0.0796234202616977, 1.0, -0.8729332006266446, 0.1982418111428558, 1.0, -0.6727352054087667, 0.24728636765240924, 0.678724021338109, -0.33483590762792664, 0.6232109816723667, -0.4059901228952386, 0.11176388035822975, -0.12037333206264247, 0.670030311645685, -0.12344445332149274, -0.8529967889245341, -0.5011984173260124, -0.20147522252026806, 0.9068886984354492, -0.7041880217870945, -0.3978033390725482, -0.4526937860116391, 0.8590068693398281, 0.5867541228195192, -0.3060798443903711, 0.8058114786137394, 0.9157050677789237, 1.0, 0.32104584317834645, -0.5662880063227915, 0.257787105058607, 0.7276662037903647, -0.6213627857079478, -0.2988122739271022, 0.061041297281179574, -1.0, -0.6707075346547168, -0.20311697666035194, -0.3452078160017672, 0.06987377376657432, -0.08672558078329967, -0.30332544570413744, -0.330320775993107, 0.027025177867857936, -0.19149160535415902, -0.3728602494368713, 0.704135101166078, -0.9069714197402751, 0.04496946901884734, -0.9823761015514122, -0.05297687677666254, -0.6103945295937212, -0.04981674122487435, 0.5592730133627695, 0.06032740988893135, -0.08426890134972218, 1.0, -0.00336886482026294, -0.12657225450140894, -0.9199097796569171, 0.16984045384103574, 0.38536568297857987, 0.5377324658911697, -0.3719015645319285, 0.4356024483660561, -0.3481945694962655, -0.608359462507146, -0.7424052426533494, -0.3558379576759901, -0.5579758618860123, 0.22478714765400643, 0.11230024055720733, 0.98458012799425, -0.9059309955170968, 0.9510807560528738, 0.6139451461169121, 0.17833963217052573, -0.9456145178495126, -0.9533912112779017, 1.0, 0.10373973187552957, 0.029386836707975886, -0.22405895425915207, -0.14545139559111814, -0.17530139073643017, 0.8301278174677154, 0.8188943806381668, 0.11868065743688339, 0.3364922449315223, -1.0, -1.0, 0.10973173253723423, 0.6211736718753924, 0.09551941780745592, -0.028330783069062254, -0.5885801366846566, -0.3558481912869974, -0.6011536834591591, -0.8210265780817437, -0.2240010326972621, 0.6980472773013779, -1.0, -0.22684340980987924, -0.027990295082895505, -0.4925734564589975, -0.5576760549702157, -0.35618018230438764, -0.6966726436150646, -0.8158164186845854, 0.8066555902058034, -0.32681515267995737, 0.4387621186432483, 0.9980404860645075, -0.2546119335573272, 0.16039594917822617, -0.14646013111418102, -0.3547631177111281, -0.4365837074095375, -0.6280515459227508, -0.07552652234159876, -0.5406758900788909, -0.9949831579395263, -0.39094592490566, -0.795093968704709, 0.2890969095804611, 0.5117306787765382, 0.7836529412245186, -0.17981141769325965, 0.9243418672498191, 0.6354879153478025, 0.0207140637016531, -0.388520080321634, -0.37898538306524265, -0.4313590816458202, 0.3607755780505346, -0.19896663863245517, -0.46725790614746454, -0.4508338079848189, -0.4376253361150562, -0.13542731649158793, -0.7924349905034235, 0.5271989565128314, -0.4726180943871233, 0.11855668193475295, 0.20153549687603334, -0.2905289692356559, 1.0, 0.5804881712340355, -0.12629698147634824, 0.7270853345169078, -0.7058946122246341, 0.10351765315113615, 0.21132720495666296, -0.952447437899653, 0.5202964889934371, 0.7001435485927472, -0.9540053550093609, -0.20055239068667657, 0.7059137359396593, 1.0, -0.3047312011650782, 0.5736177726598201, 0.8815154156135226, 0.5752809502679377, 0.07810327661009975, -0.8374235025050834, -0.7054949769526508, -0.9902207398066727, 0.7707658537585002, 0.9224230101534248, -0.10383526043983368, -0.7872263536338233, 0.822724011246729, 0.27292942549523824, 0.865615803876486, 0.7859040312633812, 0.0873548589593322, 0.30364855791794015, 0.31429677324977745, 0.4772738567255125, -0.7493725957495257, -0.9528520301667113, 0.7167685857513775, -0.4389353031765625, -0.7662271057292319, 0.33470689485169425, -0.10185741810564675, -0.9444382195904503, -1.0, -0.5796460946326203, 0.5361763477644359, 0.5390565416148362, -0.19988538813463436, 0.9176833353489713, -0.2541297485400453, 0.32588097743713784, -0.043912020071851604, 0.148117473251872, 0.9337269416543167, -0.8650444782357711, -0.22528974734806026, -0.09946426928245246, -0.12282204111485674, -0.4754591221040257, -1.0, -0.7970321085904778, 0.15177400898219778, 0.258193157094319, -0.12011893053286796, -0.8137643979483558, 0.8166343634019445, 0.45432297486387263, -0.4226386254630659, -0.9093107628312738, 0.24063435793509977, -0.8054695232231096, 0.7760572075655332, 0.19947143175720472, 0.34743210540069963, 0.9514198289976934, -0.143772235831114, 0.21951904297908975, -0.23425287037491627, 0.35336146173758526, 0.8404748970873568, -0.8827510770913645, 0.23410381803673988, -0.04507966134607157, -0.8699210272014903, -0.24422298758059413, 0.21423596860384347, -0.40078418544104144, 0.3417659504944789, 0.24515743575666116, -0.4754461084613431, 0.8042765067666584, 0.19726042610369723, 0.6848739872442436, 0.5896805161036704, 0.03648099332212874, 1.0, 1.0, -0.8162005263407069, -0.7305072396398785, 0.7551234846214794, 0.7527138177370057, -1.0, -0.9355977630572527, 0.3949063267035555, -0.11636736960584175, -0.961441421342216, 0.4942244473048135, -0.21278107350744838, 1.0, -0.3471073696900036, 0.8827789738755258, -0.7479957128779549, 0.7917126222093153, 0.24841555175852395, -0.9423019144231225, -0.16091452166825918, 0.2762508314655709, -0.7592997366070313, -0.3912445561408919, 0.5845251336209532, -0.10350422248339691, -1.0, 0.057037965568941335, -0.2808986369972808, -0.8417592783400399, -0.8098683919619531, 0.07507716785514236, -0.6383264766820328, 0.03336892918557599, 0.5149799347668413, -1.0, 0.6339332436687719, 0.06863402257649737, 0.3022225452822087, -0.7527090707617412, 0.8456806782622412, -0.7706270139896743, 0.6842611834792964, 0.2789850550483097, 0.6414224070876512, 0.030925956760217976, -0.18706966784963863, 0.022238244043734742, 0.30322268722348805, -0.3145181564611098, -0.09273611489239901, -0.1337013717441859, 0.45764423945432164, 0.28606673784095143, 0.8965912235977094, 0.5039413301105664, -0.16237063535646273, -0.26263628511049175, -0.3652139033747389, -1.0, -0.4457494368208155, -0.25261327696134983, 0.12140615739376945, 0.13452309418686265, -0.06065007434670752, -1.0, -0.40538611188512685, 0.7550088397891959, -0.8815331388876835, -0.8942828157188614, -0.8478913427244822, -0.9265443145413583, -0.775079057830523, -1.0, 0.051564414080044675, -0.607528323717784, 0.6192147509852125, 0.0778425945853304, -0.43620275724667756, 0.6117561256634478, 0.6021465500696734, 0.4599645965076045, 0.6865115414602863, 0.2742214803813096, -0.7594336808568535, 0.10225806656618572, -0.9396048608967634, 0.1645001559114037, 0.47185809680587454, -0.45154559151980306, -0.43632427333417234, -0.6090254695302513, 1.0, -0.29284537947787936, -0.1296860895713966, -0.4105078851760122, 0.1763925261956928, 0.7372592905124007, -0.7034735288140577, 0.6263581074641419, 1.0, 0.6303801449622521, 0.1621174580893528, -0.7089735411484649, 0.1791201766919458, 0.1413721327636717, 0.38703912616422964, -0.041674247926716035, -0.6523640587074329, -1.0, -0.9251539894892751, 8.518886650358964E-4, 0.5562122822438648, 1.0, -0.936564582479947, 0.66001938364074, 0.8734580289248516, -0.9222611322564013, -0.8350312282094235, 0.7852337993658682, 1.0, -1.0, 0.36113844972023224, 0.9574792502886528, 0.29441831841820737, 0.4380105927447683, 0.27809138803707834, -0.4523016000280338, 1.0, 0.19067212715043685, -0.0425960226611628, 0.7563285995796357, 0.4531812000206073, 1.0, 0.11397900539122072, 0.19395643816281305, 0.18852468068268874, -1.0, 0.26811440635416006, -0.0873895914840751, -0.834723229976431, -0.15234156115263434]

